0,503
0,502
0,501
0,500
0,499
0,498
0,497
0,496
0,495
0,494
0,493
0,492
0,491
0,490
0,278
0,489
0,488
0,487
0,486
40,3
40,2
40,1
40,0
0,485
0,484
0,483
0,482
0,481
0,480
0,479
0,478
0,477
0,476
0,475
0,474
0,473
0,472
0,471
0,470
0,469
0,468
0,467
0,466
0,465
0,464
0,463
0,462
0,461
0,460
0,459
0,458
0,457
0,456
0,455
0,454
0,453
0,452
0,451
0,450
0,449
0,448
39,3
39,2
39,1
39,0
0,447
0,446
0,445
0,444
0,443
0,442
0,441
0,440
0,439
0,438
0,437
0,436
0,435
0,434
0,433
0,432
0,431
0,430
0,429
0,428
0,427
38,5
0,426
0,425
0,424
0,423
38,4
0,422
0,421
0,420
38,3
38,2
0,419
38,1
38,0
0,418
0,417
0,416
37,3
37,2
0,415
0,414
0,413
37,1
37,0
0,412
0,411
0,410
0,409
36,4
0,408
0,407
0,406
36,3
36,2
0,405
36,1
36,0
0,404
0,403
0,402
